210101097-Q-01-P-01
210101098-Q-01-P-01
210101099-Q-01-P-01
